15
0 5 6 6 8 7 9 8 12 9 13 10 14 11 15 12 16 13 20 14 25 -999
1 6 4 5 5 7 8 8 11 9 12 10 13 11 14 12 15 13 21 14 26 -999
2 7 3 5 9 6 10 8 22 9 26 10 31 11 41 12 51 13 22 14 27 -999
3 8 16 5 19 6 110 7 147 9 24 10 32 11 42 12 52 13 23 14 28 -999
4 9 11 5 20 6 120 7 57 8 60 9 12 10 33 11 43 12 53 13 24 14 29 -999
5 1 6 1 5 2 9 3 19 4 20 -999
6 2 8 1 4 2 7 3 110 4 120 -999
7 3 9 1 8 2 88 3 147 4 57 -999
8 4 12 1 11 2 22 3 19 4 60 -999
9 5 13 1 12 2 26 3 24 4 11 -999
10 6 14 1 14 21 31 32 32 4 33 -999
11 7 15 2 14 12 41 31 42 4 44 -999
12 8 16 3 13 23 51 43 52 4 53 -999
13 9 20 4 23 22 22 35 23 4 24 -999
14 9 25 6 26 12 27 37 28 4 29 -999